   delta:  0.110641294025989
    beta:  2.851614322224957
   sigma:  0.467626193744281
       T:  0.266744475104123
   alpha:  0.206174690078523
   theta:  0.058310946888519
thetaEnt:  0.099722882675486
vartheta:  1.428571428773631
   gamma:  1.175592051390593
     muM:  0.405091179851463
    zeta:  0.500000000000000
 zetaEnt:  0.500000000000000
     rho:  0.050000000000000
  lambda:  0.296317155698175
     gUS:  0.020000000000000