   delta:  0.600380576615406
    beta:  4.637462587579693
   sigma:  0.440205972079368
       T:  0.168744892759822
   alpha:  0.424413827928202
   theta:  0.198553702914595
thetaEnt:  0.099088308988193
vartheta:  1.428571428773631
   gamma:  1.170802668128398
     muM:  1.000000000000000
    zeta:  0.600000000000000
 zetaEnt:  0.500000000000000
     rho:  0.050000000000000