   delta:  0.119247702434735
    beta:  2.839549239468647
   sigma:  0.469142231148057
       T:  0.252593573804747
   alpha:  0.211806818833331
   theta:  0.058257704055237
thetaEnt:  0.102562827855822
vartheta:  1.428571428773631
   gamma:  1.188888526671913
     muM:  0.405091179851463
    zeta:  0.500000000000000
 zetaEnt:  0.500000000000000
     rho:  0.050000000000000
  lambda:  0.291618617643433
     gUS:  0.020000000000000