   delta:  0.602002357792181
    beta:  4.659010054776134
   sigma:  0.467626193744281
       T:  0.158788525101456
   alpha:  0.432559806645434
   theta:  0.195738345175289
thetaEnt:  0.100108430699420
vartheta:  1.428571428773631
   gamma:  1.175592051390593
     muM:  1.000000000000000
    zeta:  0.500000000000000
 zetaEnt:  0.500000000000000
     rho:  0.050000000000000