   delta:  0.632550050242453
    beta:  4.496376016458269
   sigma:  0.668657006962715
       T:  0.227670017527876
   alpha:  0.468617198606485
   theta:  0.224093723815195
thetaEnt:  0.131801938779793
vartheta:  1.428571428773631
   gamma:  1.198118379283722
     muM:  1.000000000000000
    zeta:  0.500000000000000
 zetaEnt:  0.500000000000000
     rho:  0.050000000000000