   delta:	 0.602713612390143
    beta:	 4.719014858952730
   sigma:	 0.502962791717705
       T:	 0.160212177241682
   alpha:	 0.442520139096526
   theta:	 0.189367957275292
thetaEnt:	 0.101147162342394
vartheta:	 1.428571428773631
   gamma:	 1.178262705768123
     muM:	 1.000000000000000
    zeta:	 0.400000000000000
 zetaEnt:	 0.500000000000000
     rho:	 0.050000000000000