   delta:  0.576340163198988
    beta:  4.723837231614440
   sigma:  0.469142231148057
       T:  0.189345072025536
   alpha:  0.432754346867673
   theta:  0.188272525500509
thetaEnt:  0.085171858170195
vartheta:  1.428571428773631
   gamma:  1.188888526671913
     muM:  1.000000000000000
    zeta:  0.500000000000000
 zetaEnt:  0.500000000000000
     rho:  0.050000000000000