   delta:  0.137080762521149
    beta:  2.204598798367848
   sigma:  0.464264777971812
       T:  0.317910879680932
   alpha:  0.206622225212167
   theta:  0.054945339811222
thetaEnt:  0.090502248955608
vartheta:  1.428571428773631
   gamma:  1.198118379283722
     muM:  0.405091179851463
    zeta:  0.500000000000000
 zetaEnt:  0.500000000000000
     rho:  0.050000000000000
  lambda:  0.231728227448684
     gUS:  0.020000000000000