   delta:  0.112369408109674
    beta:  3.036343913778507
   sigma:  0.440205972079368
       T:  0.263439180384990
   alpha:  0.200743683535447
   theta:  0.063169310184205
thetaEnt:  0.096935182553895
vartheta:  1.428571428773631
   gamma:  1.170802668128398
     muM:  0.405091179851463
    zeta:  0.600000000000000
 zetaEnt:  0.500000000000000
     rho:  0.050000000000000
  lambda:  0.302627196505770
     gUS:  0.020000000000000