   delta:  0.576422711781360
    beta:  3.088693097691821
   sigma:  0.667180496736874
       T:  0.357103982894064
   alpha:  0.456291626677414
   theta:  0.251219778732970
thetaEnt:  0.105814118691369
vartheta:  1.428571428773631
   gamma:  1.168004597902870
     muM:  1.000000000000000
    zeta:  0.500000000000000
 zetaEnt:  0.500000000000000
     rho:  0.050000000000000