   delta:  0.112665741541235
    beta:  2.737635884049877
   sigma:  0.502962791717705
       T:  0.270399171692144
   alpha:  0.214949724972862
   theta:  0.051493009759151
thetaEnt:  0.103623452900237
vartheta:  1.428571428773631
   gamma:  1.178262705768123
     muM:  0.405091179851463
    zeta:  0.400000000000000
 zetaEnt:  0.500000000000000
     rho:  0.050000000000000
  lambda:  0.292781432089109
     gUS:  0.020000000000000