   delta:  0.597413179998292
    beta:  5.897432455015378
   sigma:  0.412786165186245
       T:  0.159423116447387
   alpha:  0.363406877286903
   theta:  0.206628182287416
thetaEnt:  0.108882277742381
vartheta:  2.243799016065606
   gamma:  1.181018455421151
     muM:  1.000000000000000
    zeta:  0.500000000000000
 zetaEnt:  0.500000000000000
     rho:  0.050000000000000