   delta:  0.281197086263351
    beta:  2.014845085383624
   sigma:  0.505954599868623
       T:  0.355087040543703
   alpha:  0.223573787972145
   theta:  0.046512928660729
thetaEnt:  0.089975024466353
vartheta:  1.428571428773631
   gamma:  1.168004597902870
     muM:  0.405091179851463
    zeta:  0.500000000000000
 zetaEnt:  0.500000000000000
     rho:  0.050000000000000
  lambda:  0.242106209227626
     gUS:  0.020000000000000